4.540500736377030144e-07 0.000000000000000000e+00
4.637702503681880532e-07 0.000000000000000000e+00
4.726067746686300130e-07 0.000000000000000000e+00
5.070692194403540323e-07 0.000000000000000000e+00
5.362297496318120074e-07 0.000000000000000000e+00
5.521354933726070163e-07 0.000000000000000000e+00
5.724594992636229787e-07 0.000000000000000000e+00
5.768842588581820206e-07 3.676470588235000031e-03
5.795417135926540575e-07 8.088235294117999963e-03
5.813220133414190393e-07 1.691176470588200142e-02
5.813350082300960632e-07 2.573529411764699862e-02
5.831250541453689717e-07 4.117647058823500211e-02
5.831445464783850370e-07 5.441176470588200004e-02
5.840541886857840167e-07 7.205882352941199442e-02
5.840834271853070558e-07 9.191176470588299785e-02
5.849995668370440180e-07 1.139705882352940042e-01
5.850353027809059926e-07 1.382352941176470118e-01
5.859644373213200846e-07 1.691176470588230119e-01
5.860164168760290273e-07 2.044117647058819875e-01
5.861171272632760156e-07 2.727941176470590201e-01
5.869390539721040780e-07 2.308823529411760112e-01
5.870495105258600518e-07 3.058823529411759945e-01
5.880078835657969712e-07 3.566176470588229841e-01
5.889889976609200059e-07 4.227941176470589868e-01
5.908115307978860036e-07 4.602941176470590201e-01
5.926438101013600340e-07 5.044117647058820042e-01
5.926957896560689767e-07 5.397058823529410354e-01
5.945410638482200309e-07 5.926470588235289716e-01
5.946515204019750519e-07 6.676470588235290382e-01
5.956261370527590452e-07 7.294117647058819820e-01
5.974681625227410023e-07 7.801470588235289716e-01
5.984330330070170689e-07 8.352941176470589646e-01
6.002815559213379615e-07 8.904411764705879584e-01
6.029552542666550607e-07 9.058823529411760278e-01
6.056094602789570476e-07 9.080882352941179736e-01
6.091473187213030134e-07 9.102941176470590312e-01
6.109211210257300126e-07 9.147058823529410354e-01
6.135720783158620553e-07 9.147058823529410354e-01
6.162262843281640422e-07 9.169117647058819820e-01
6.188772416182970377e-07 9.169117647058819820e-01
6.215346963527680159e-07 9.213235294117649854e-01
6.250725547951139817e-07 9.235294117647060430e-01
6.286071645152909562e-07 9.235294117647060430e-01
6.312646192497620402e-07 9.279411764705880472e-01
6.339155765398940829e-07 9.279411764705880472e-01
6.365665338300270785e-07 9.279411764705880472e-01
6.392239885644980566e-07 9.323529411764710506e-01
6.427585982846750312e-07 9.323529411764710506e-01
6.462964567270209970e-07 9.345588235294119972e-01
6.507179675994110476e-07 9.367647058823530548e-01
6.560231309018449712e-07 9.389705882352940014e-01
6.604478904964050719e-07 9.433823529411760056e-01
6.648661526466260254e-07 9.433823529411760056e-01
6.692844147968460259e-07 9.433823529411760056e-01
6.728222732391929446e-07 9.455882352941179514e-01
6.772470328337520924e-07 9.499999999999999556e-01
6.825521961361870748e-07 9.522058823529410132e-01
6.878573594386209985e-07 9.544117647058819598e-01
6.913919691587980789e-07 9.544117647058819598e-01
6.966938837390631172e-07 9.544117647058819598e-01
7.037663519015851046e-07 9.566176470588240166e-01
7.108355713419390536e-07 9.566176470588240166e-01
7.161407346443729773e-07 9.588235294117649632e-01
7.214394005024690243e-07 9.566176470588240166e-01
7.249740102226461047e-07 9.566176470588240166e-01
7.285151173871610617e-07 9.610294117647060208e-01
7.311693233994630486e-07 9.632352941176469674e-01
7.338235294117650355e-07 9.654411764705880250e-01
7.373646365762799925e-07 9.698529411764710284e-01
7.409024950186260642e-07 9.720588235294119750e-01
7.453272546131859531e-07 9.764705882352939792e-01
7.497455167634059537e-07 9.764705882352939792e-01
7.532833752057520254e-07 9.786764705882350368e-01
7.594721909382309868e-07 9.808823529411759834e-01
7.647773542406651222e-07 9.830882352941180402e-01
7.700890149874379813e-07 9.897058823529409910e-01
7.762778307199170486e-07 9.919117647058820486e-01
7.815797453001819810e-07 9.919117647058820486e-01
7.860012561725720316e-07 9.941176470588239944e-01
7.895326171705800148e-07 9.919117647058820486e-01
7.939508793208009683e-07 9.919117647058820486e-01
7.992495451788960623e-07 9.897058823529409910e-01
8.045514597591611006e-07 9.897058823529409910e-01
8.116271766438539851e-07 9.941176470588239944e-01
8.204669496664649892e-07 9.963235294117650520e-01
8.284198215368620701e-07 9.963235294117650520e-01
8.328348349649141381e-07 9.941176470588239944e-01
8.399040544052670284e-07 9.941176470588239944e-01
8.460961188599150869e-07 9.985294117647059986e-01
8.531685870224381331e-07 1.000735294117649943e+00
8.593574027549169886e-07 1.002941176470590001e+00
8.628887637529240190e-07 1.000735294117649943e+00
8.690678333188949477e-07 9.963235294117650520e-01
8.734828467469460629e-07 9.941176470588239944e-01
8.770142077449540461e-07 9.919117647058820486e-01
8.814292211730049495e-07 9.897058823529409910e-01
8.849573334488430944e-07 9.852941176470589868e-01
8.884854457246819805e-07 9.808823529411759834e-01
8.902462531404310029e-07 9.764705882352939792e-01
8.937711166941000506e-07 9.698529411764710284e-01
8.981796326778130773e-07 9.632352941176469674e-01
9.025848999393569010e-07 9.544117647058819598e-01
9.061065147708570633e-07 9.455882352941179514e-01
9.087412284501429849e-07 9.345588235294119972e-01
9.122628432816429355e-07 9.257352941176469896e-01
9.166648618210171326e-07 9.147058823529410354e-01
9.201832279303470332e-07 9.036764705882349702e-01
9.236983453175090012e-07 8.904411764705879584e-01
9.263363077189641259e-07 8.816176470588229508e-01
9.280906176903750598e-07 8.727941176470590534e-01
9.316024863553670837e-07 8.573529411764709840e-01
9.351111062981900103e-07 8.397058823529409688e-01
9.386294724075200168e-07 8.286764705882350146e-01
9.421413410725119347e-07 8.132352941176469452e-01
9.465336134453780992e-07 7.955882352941180402e-01
9.482814259724509447e-07 7.823529411764710284e-01
9.517867971931040331e-07 7.624999999999999556e-01
9.561758208438019474e-07 7.426470588235289938e-01
9.596844407866240271e-07 7.249999999999999778e-01
9.623094082994019160e-07 7.073529411764709618e-01
9.666951832279299921e-07 6.852941176470590534e-01
9.693169020185391015e-07 6.654411764705879806e-01
9.719418695313180493e-07 6.477941176470589646e-01
9.754504894741399172e-07 6.301470588235289494e-01
9.772015507233820716e-07 6.191176470588239944e-01
9.789526119726240143e-07 6.080882352941180402e-01
9.806971757775271273e-07 5.926470588235289716e-01
9.841960495538420214e-07 5.683823529411760056e-01
9.859373646365761432e-07 5.507352941176469896e-01
9.885655808715240822e-07 5.352941176470590312e-01
9.903068959542579923e-07 5.176470588235290160e-01
9.938057697305730981e-07 4.933823529411759945e-01
9.964242397990130045e-07 4.713235294117649743e-01
9.981688036039161176e-07 4.558823529411760167e-01
1.000787273672360047e-06 4.338235294117649965e-01
1.003408992462960051e-06 4.139705882352939792e-01
1.006033959975740058e-06 3.963235294117650187e-01
1.007762280169800120e-06 3.698529411764709951e-01
1.007775275058479897e-06 3.786764705882350035e-01
1.009516590141209995e-06 3.610294117647059875e-01
1.011270900112620082e-06 3.522058823529409799e-01
1.013012215195359922e-06 3.345588235294120194e-01
1.014766525166770009e-06 3.257352941176470118e-01
1.016514337693839995e-06 3.125000000000000000e-01
1.018245906610070108e-06 2.882352941176469785e-01
1.018265398943080032e-06 3.014705882352939903e-01
1.019119812873599913e-06 2.816176470588240277e-01
1.020880620289350100e-06 2.772058823529410243e-01
1.022625184094259990e-06 2.617647058823530104e-01
1.022634930260759975e-06 2.683823529411760167e-01
1.024382742787839915e-06 2.551470588235290049e-01
1.026130555314910113e-06 2.419117647058819931e-01
1.029635926535560025e-06 2.220588235294120028e-01
1.031377241618299865e-06 2.044117647058819875e-01
1.033131551589710163e-06 1.955882352941180069e-01
1.035772762713330044e-06 1.889705882352940014e-01
1.036636922810360075e-06 1.757352941176469896e-01
1.038391232781769950e-06 1.669117647058820098e-01
1.040142294031009987e-06 1.558823529411769993e-01
1.043663908862509938e-06 1.470588235294119916e-01
1.045421467556089863e-06 1.404411764705879861e-01
1.047182274971840050e-06 1.360294117647060097e-01
1.048936584943259878e-06 1.272058823529410021e-01
1.050690894914669965e-06 1.183823529411769937e-01
1.053332106038290057e-06 1.117647058823530021e-01
1.055966819717580214e-06 1.007352941176470063e-01
1.059481937104740065e-06 8.749999999999999445e-02
1.063887204366279971e-06 7.867647058823500072e-02
1.068295720350000091e-06 7.205882352941199442e-02
1.071817335181500042e-06 6.323529411764700070e-02
1.077106254873080115e-06 5.441176470588200004e-02
1.084162479424760005e-06 4.558823529411799858e-02
1.090341548990730087e-06 4.117647058823500211e-02
1.095630468682319901e-06 3.235294117647100065e-02
1.101806289526120145e-06 2.573529411764699862e-02
1.109746166507839990e-06 1.691176470588200142e-02
1.115921987351640021e-06 1.029411764705900033e-02
1.122978211903319911e-06 1.470588235294000099e-03
1.129157281469289993e-06 0.000000000000000000e+00